after: !!python/tuple
- [-39.81477198433135, -402.19079997401855, 32.68672891859408, -337.9118001036956,
  -283.80311217454283, -278.2700066917192, -215.15217683790115, -217.76840077103034,
  -430.3911736931918, -26.411914069129047, -59.99510548605456, -20.430330907321782,
  -189.5569294465082, -39.367087013412224, -142.5518681880626, -364.28637880635944,
  -353.1862339770035, -222.24834365960527, -78.85578291568962, -189.493241899854,
  -182.5561604379908, -237.66493700278062, -141.27414896845585, -400.29073126335135,
  -267.75758874512394, -257.22833357958393, -55.58995912090073, 3.514375321884389,
  -256.4041947817571, -98.2183949075222, -210.4086591788346, -137.8707284244731, -169.85700412659975,
  -320.63852714962036, -356.12425062281346, -222.42623170126723, -68.82667345610788,
  43.59072642440082, -17.670770327201126, -215.4947900332746, -390.21606656214203,
  -116.54110139663244, -328.8912212923343, -194.5765731567716, -317.58328421467195,
  -240.89995425560676, 48.43880147351769, -300.28931156839053, -23.145308054875034,
  49.97918172578339]
- [499.4734383759045, 393.53220148184715, 552.0227261245504, 564.4815882984562, 542.5211985745375,
  466.6726804050968, 323.121206019128, 592.3104601641191, 442.88934010043715, 503.23800810035027,
  496.2361015473083, 616.1082576252987, 519.042170682028, 477.453810550516, 333.7714853325088,
  367.38112309066594, 296.39578150706245, 564.2001194117288, 408.6648032478496, 326.4203159820478,
  281.76032303728977, 443.7967078442408, 587.4476637466461, 386.35322163790744, 415.88887251231057,
  436.4063843517085, 395.54074443010137, 584.8749735953219, 328.8660718299163, 432.0342120184245,
  399.0283873129772, 316.09566168075565, 584.4859824033967, 404.5477274836211, 455.20541070662915,
  572.1482762760794, 583.9897138694854, 422.6583127878707, 355.87595024397206, 524.6156360798408,
  378.9667047493535, 347.0130301381267, 350.27379284682644, 458.3671099464243, 602.2187500261557,
  375.34279034423594, 518.9594682350594, 339.83555700669154, 559.0864808370479, 392.36295769455296]
- [-1.297973870958009, 9.246521126397212, 2.5762955823733638, 8.18033877750344, 5.764242064140777,
  3.2303867965870747, 0.3216469847927884, 6.537197237797265, 7.552047153452527, 9.325667969268304,
  -0.803784217911698, 1.5801850001368907, 8.07192202380954, 3.52555848102918, 3.5483766223132633,
  4.747312073639496, 9.542636279507578, 4.4375435909649035, 3.5680016216071997, 9.132701800079193,
  6.402332315082215, 1.3281406994599503, 2.588269935643049, 9.023400969565673, 5.257394916187757,
  5.718256996139676, 2.6690403772223794, -3.1933424545143017, 19.14301161157095, 3.047408102566371,
  15.313924389678755, 8.227431783450388, 8.900073546490775, 8.579111514032446, 7.437206621535183,
  3.1436328899171873, 0.24192189459162444, -1.2651041034483301, 1.9968837333519511,
  5.18042654552108, 13.606017962198479, 5.633324075414929, 5.030740734840219, 2.501121657528467,
  11.215973908572163, -6.432135680315774, 0.43716784323242347, 1.5209793912074545,
  -0.9253319478667873, 3.2807024283917423]
- [-13.710360971038446, 16.001464565543156, 2.0171512715476063, -2.3493487550360617,
  -19.595685200435963, 15.437411782564398, -1.2014248110522576, -2.3550739559788227,
  7.8772037015714265, -4.982825427593511, -9.38705224395367, 13.228394081545687, 9.269690667925888,
  10.677305768074236, -11.883920898583234, -5.654194866830714, -11.749008037750883,
  3.5039201101804918, -7.591493653022742, -0.6258666172812665, -11.534418764624219,
  6.137778962729258, 11.751702557387341, -14.744484820473835, 19.031076881816798,
  -17.667358515547452, -18.204655077068157, -6.372675408729413, 8.498205802019745,
  -8.768945420796031, 17.888528448995146, -4.849707660843079, -7.65391326074346, 10.646977404402984,
  -1.396448622265629, -11.564450387427975, -0.8512577818835529, -18.505721222238343,
  20.912877328404527, 6.707085217327447, 14.202890945824063, -7.736972418351473, 3.8559155058631798,
  1.9484366530343744, 16.190331609581985, -4.79032035729615, -20.668120829760124,
  11.314134014227308, 16.86854686306399, 8.434800237527273]
before: !!python/tuple
- [-38.51679811337334, -411.4373211004158, 30.110433336220716, -346.09213888119905,
  -289.5673542386836, -281.50039348830626, -215.47382382269393, -224.30559800882762,
  -437.9432208466443, -35.73758203839735, -59.191321268142865, -22.01051590745867,
  -197.62885147031776, -42.8926454944414, -146.10024481037587, -369.0336908799989,
  -362.7288702565111, -226.68588725057018, -82.42378453729681, -198.6259436999332,
  -188.95849275307302, -238.99307770224056, -143.8624189040989, -409.314132232917,
  -273.0149836613117, -262.94659057572363, -58.25899949812311, 6.707717776398691,
  -275.54720639332805, -101.26580301008856, -225.72258356851336, -146.09816020792348,
  -178.75707767309052, -329.2176386636528, -363.5614572443487, -225.56986459118443,
  -69.06859535069951, 44.85583052784915, -19.667654060553076, -220.67521657879567,
  -403.82208452434054, -122.17442547204737, -333.9219620271745, -197.07769481430006,
  -328.7992581232441, -234.46781857529098, 48.00163363028527, -301.810290959598, -22.219976107008247,
  46.69847929739165]
- [513.1837993469429, 377.530736916304, 550.0055748530028, 566.8309370534923, 562.1168837749734,
  451.2352686225324, 324.3226308301803, 594.665534120098, 435.0121363988657, 508.2208335279438,
  505.623153791262, 602.879863543753, 509.77248001410203, 466.77650478244175, 345.65540623109206,
  373.03531795749666, 308.1447895448133, 560.6961993015483, 416.2562969008723, 327.04618259932903,
  293.294741801914, 437.65892888151154, 575.6959611892587, 401.09770645838125, 396.8577956304938,
  454.07374286725593, 413.7453995071695, 591.2476490040513, 320.3678660278965, 440.80315743922057,
  381.13985886398206, 320.94536934159873, 592.1398956641402, 393.9007500792181, 456.60185932889476,
  583.7127266635074, 584.8409716513689, 441.16403401010905, 334.9630729155675, 517.9085508625134,
  364.76381380352944, 354.75000255647814, 346.4178773409633, 456.41867329338993, 586.0284184165737,
  380.1331107015321, 539.6275890648195, 328.52142299246424, 542.2179339739839, 383.9281574570257]
- [2.911855820582559, 7.06696897116831, 4.808206552642979, 6.616879648201199, 4.754265670474615,
  2.28092143865628, -0.09780025063396496, 6.208282436459352, 5.0566030003986935, 8.313649443840134,
  0.42287417451661413, 3.2633669106485947, 8.077543065616537, 5.025859380310982, 3.9496193198499676,
  2.8904894277009716, 7.829438890982206, 4.04102609323356, 4.651448171291444, 9.095584928350817,
  6.40064401277463, 0.7662324104267221, 3.0018337605684393, 6.842268482989074, 4.434029207360368,
  5.006254865762189, 3.96791444619179, -1.310459523811507, 18.63408092770702, 3.9382688812863895,
  6.292996247867503, 8.68763812126044, 9.07098932426669, 7.220256274602204, 5.685397923631947,
  2.732461109369751, 1.442927445064771, 1.0454659162495001, 3.6883311909526526, 4.877077527238443,
  11.550795494732482, 6.336398287760097, 3.4855408366115657, 2.3589637349224164, 9.840141470367406,
  1.63729008317875, 2.8255793689522326, 0.266409000880682, 0.7210841252768637, 5.66219588634646]
- [-18.40846827681415, 15.598262586872506, 3.095694111695124, -1.189821170951733,
  -18.806170568627707, 15.705292399110954, -2.5170463275214714, -0.9367616586731217,
  7.808424739719586, 0.5027203262234969, -8.9828719525133, 15.060240716556685, 10.092727438382072,
  11.222993958276305, -13.110821386138639, -6.703145244555543, -13.52549801041109,
  4.703261857624392, -7.929468319533167, -1.8258000051696126, -13.327517528860929,
  6.017199172971217, 13.22084276384131, -15.610405147330097, 18.966541185168154, -18.237142754217953,
  -18.871519712449647, -5.049497041517925, 7.326463425498448, -8.915011127628222,
  16.725094474363935, -6.186123110850599, -6.3873371871670725, 10.352735480923336,
  -1.4271767453062032, -10.426115987569423, 0.4720647361762848, -18.73207379906651,
  19.889408480990586, 7.6105904756777765, 13.57785189455138, -8.695277783685103, 2.776304660405666,
  1.9467821275637582, 17.69066283145174, -4.751298794130442, -20.104635606403118,
  10.249735206912947, 18.263221885271616, 7.806899512065561]
